-0.8977
-0.97905
-0.8217
-0.77397
-0.7349
-0.86903
-0.73449
-0.74917
-0.65678
-0.66631
-0.61111
-0.69557
-0.67912
-0.54625
-0.84272
-0.66489
-0.72641
-0.62347
-0.50723
-0.47754
-0.65087
-0.58711
-0.51843
-0.55507
-0.49122
-0.47883
-0.6113
-0.53765
-0.73716
-0.41581
-0.60217
-0.6711
-0.59011
-0.72407
-0.60213
-0.67709
-0.42608
-0.55431
-0.94318
-0.67523
-0.88505
-0.79607
-0.77842
-0.74286
-0.8658
-0.6995
-0.92137
-0.85404
-0.83111
-0.89712
-0.82289
-0.88138
-0.99231
-1.0922
-0.72137
-0.96111
-0.88179
-0.82547
-0.85842
-0.94673
-0.8881
-0.83762
-0.65988
-0.87546
-0.69157
-0.71897
-0.75225
-0.81291
-0.71335
-0.67079
-0.78575
-0.59586
-0.67319
-0.57594
-0.50817
-0.60729
-0.52047
-0.43129
-0.6244
-0.31162
-0.14709
-0.26786
-0.3696
-0.26938
-0.39007
-0.072938
-0.14095
-0.13065
-0.27141
-0.12635
-0.1888
-0.13887
-0.1396
-0.16019
-0.12366
-0.02911
-0.15351
0.10145
0.053024
0.15864
